--------------------------
    ITG mode evolution    
--------------------------
   10.000000000000000      /   2000.0000000000000     
   1.7551410379281502                1         100
   20.000000000000000      /   2000.0000000000000     
   9.8042632328158685E-002         101         200
   30.000000000000000      /   2000.0000000000000     
   1.5647859346254560E-003         201         300
   40.000000000000000      /   2000.0000000000000     
   3.9819321402382452E-003         301         400
   50.000000000000000      /   2000.0000000000000     
   2.3601761383804953E-003         401         500
   60.000000000000000      /   2000.0000000000000     
   1.3500538572000394E-003         501         600
   70.000000000000000      /   2000.0000000000000     
   9.9907086525786244E-004         601         700
   80.000000000000000      /   2000.0000000000000     
   6.9850510295419441E-004         701         800
   90.000000000000000      /   2000.0000000000000     
   5.2449142343739016E-004         801         900
   100.00000000000000      /   2000.0000000000000     
   4.0312866903438626E-004         901        1000
   110.00000000000000      /   2000.0000000000000     
   3.1722878553201695E-004        1001        1100
   120.00000000000000      /   2000.0000000000000     
   2.5441107479530874E-004        1101        1200
   130.00000000000000      /   2000.0000000000000     
   2.0693144868378854E-004        1201        1300
   140.00000000000000      /   2000.0000000000000     
   1.7024014390404422E-004        1301        1400
   150.00000000000000      /   2000.0000000000000     
   1.4128812971196891E-004        1401        1500
   160.00000000000000      /   2000.0000000000000     
   1.1804922294351034E-004        1501        1600
   170.00000000000000      /   2000.0000000000000     
   9.9119691188579418E-005        1601        1700
 Run-time(s):   105.45400321699999     
